3 0.378187 0.776284 0.139505 0.158355
3 0.565537 0.138416 0.143246 0.192736
3 0.112536 0.621541 0.143016 0.128818
3 0.520685 0.276359 0.123453 0.153102
3 0.216992 0.552609 0.139223 0.120376
3 0.213205 0.678626 0.134863 0.151423
3 0.443476 0.178408 0.128288 0.177286
3 0.124048 0.474045 0.129262 0.132029
3 0.24448 0.118175 0.137891 0.174292
3 0.32481 0.63485 0.129757 0.148883
3 0.0694521 0.368893 0.11949 0.132543
3 0.397507 0.33574 0.152791 0.177895
3 0.35588 0.0803477 0.151056 0.160695
3 0.0687487 0.249318 0.10258 0.133688
3 0.279664 0.286316 0.134031 0.168956
3 0.0525034 0.493367 0.105007 0.189877
3 0.352985 0.440127 0.134043 0.141636
3 0.231934 0.445978 0.155291 0.143978
3 0.069949 0.120593 0.0816241 0.132875
3 0.162972 0.264694 0.135585 0.168127
3 0.465336 0.0509643 0.127336 0.101929
1 0.465225 0.0509652 0.127423 0.10193
1 0.0854331 0.788326 0.141052 0.230927
3 0.532823 0.40282 0.140731 0.122023
1 0.355438 0.0761074 0.15386 0.152215
1 0.246219 0.11821 0.135747 0.171159
